10,20,20
10,20,40
10,20,40
10,20,60
10,20,60
10,20,60
10,20,80
10,20,80
10,20,80
10,20,80
10,20,100
10,20,100
10,20,100
10,20,100
10,20,100
10,20,100
10,25,130
10,25,130
10,25,130
10,25,130
10,25,130
10,25,130
10,25,130
10,25,130
10,25,130
10,25,160
10,25,160
10,25,160
10,25,160
10,25,160
10,25,160
10,25,160
10,25,160
10,25,160
10,25,160
10,25,160
10,25,160
10,25,160
10,25,160
10,25,190
10,25,190
10,25,190
10,25,190
10,25,190
10,25,190
10,25,190
10,25,190
10,25,190
10,25,190
10,25,190
10,25,190
10,25,190
10,25,190
10,25,190
10,25,190
10,25,190
10,25,190
10,25,190
10,25,190
10,25,190
10,30,230
10,30,230
10,30,230
10,30,230
10,30,230
10,30,230
10,30,230
10,30,230
10,30,230
10,30,230
10,30,230
10,30,230
10,30,230
10,30,230
10,30,230
10,30,230
10,30,230
10,30,230
10,30,230
10,30,230
10,30,230
10,30,230
10,30,230
10,30,230
10,30,230
10,30,230
10,30,230
10,30,230
10,30,230
10,30,230
10,30,230
10,45,270
10,45,270
10,45,270
10,45,270
10,45,270
10,45,270
10,45,270
10,45,270
10,45,270
10,45,270
10,45,270
10,45,270
10,45,270
10,45,270
10,45,270
10,45,270
10,45,270
10,45,270
10,45,270
10,45,270
10,45,270
10,45,270
10,45,270
10,45,270
10,45,270
10,45,270
10,45,270
10,45,270
10,45,270
10,45,270
10,45,270
10,45,270
10,45,270
10,45,270
10,45,270
10,45,270
10,45,270
10,45,270
10,45,270
10,45,270
10,45,270
10,45,270
10,45,270
10,45,270
10,45,270
10,45,270
10,45,270
10,60,310
10,60,310
10,60,310
10,60,310
10,60,310
10,60,310
10,60,310
10,60,310
10,60,310
10,60,310
10,60,310
10,60,310
10,60,310
10,60,310
10,60,310
10,60,310
10,60,310
10,60,310
10,60,310
10,60,310
10,60,310
10,60,310
10,60,310
10,60,310
10,60,310
10,60,310
10,60,310
10,60,310
10,60,310
10,60,310
10,60,310
10,60,310
10,60,310
10,60,310
10,60,310
10,60,310
10,60,310
10,60,310
10,60,310
10,60,310
10,60,310
10,60,310
10,70,310
10,70,310
10,70,310
10,70,310
10,70,310
10,70,310
10,70,310
10,70,310
10,70,310
10,70,310
10,70,310
10,70,310
10,70,310
10,70,310
10,70,310
10,70,310
10,70,310
10,70,310
10,70,310
10,70,310
10,70,310
10,70,310
10,70,310
10,70,310
10,70,310
10,70,310
10,70,310
10,70,310
10,100,350
10,100,350
10,100,350
10,100,350
10,100,350
10,100,350
10,100,350
10,100,350
10,100,350
10,100,350
10,100,350
10,100,350
10,100,350
10,100,350
10,100,350
10,100,350
10,100,350
10,100,350
10,100,350
10,100,350
10,100,350
10,100,350
10,100,350
10,100,350
10,100,350
10,100,350
10,100,350
10,100,350
10,100,350
10,100,350
10,100,350
10,100,350
10,100,350
10,100,350
10,100,350
10,100,350
10,100,350
10,100,350
10,100,350
10,100,350
10,100,350
10,100,350
10,110,350
10,110,350
10,110,350
10,110,350
10,110,350
10,110,350
10,110,350
10,110,350
10,110,350
10,110,350
10,110,350
10,110,350
10,110,350
10,110,350
10,110,350
10,110,350
10,110,350
10,110,350
10,110,350
10,110,350
10,110,350
10,110,350
10,110,350
10,110,350
10,110,350
10,110,350
10,110,350
10,110,350
10,110,350
10,110,350
10,110,350
10,110,350
10,110,350
10,110,350
10,110,350
10,110,350
10,110,350
10,110,350
10,110,350
10,110,350
10,110,350
10,110,350
10,110,350
10,110,350
10,110,350
10,110,350
10,110,350
10,110,350
10,110,350
10,110,350
10,125,350
10,125,350
10,125,350
10,125,350
10,125,350
10,125,350
10,125,350
10,125,350
10,125,350
10,125,350
10,125,350
10,125,350
10,125,350
